59109627057
91782523353
67116334474
59366038180
86710769516
905593202154171
105536726159
62595850082
104010244582
69746644058
108772418543
70019234866
65352102396
58021102215
98029697886
1402614129890280
496632531265900
58627640290
59822483840
99514375927
59109627057
91782523353
67116334474
59366038180
86710769516
905593202154171
105536726159
62595850082
104010244582
69746644058
108772418543
70019234866
65352102396
58021102215
98029697886
1402614129890280
496632531265900
58627640290
59822483840
99514375927
59109627057
91782523353
67116334474
59366038180
86710769516
905593202154171
105536726159
62595850082
104010244582
69746644058
108772418543
70019234866
65352102396
58021102215
98029697886
1402614129890280
496632531265900
58627640290
59822483840
99514375927
646139198321163
3390506980353964
69620339555
3900686652942347
68565872528
93917337297
72557243297
646139198321163
3390506980353964
69620339555
3900686652942347
68565872528
93917337297
72557243297
646139198321163
3390506980353964
69620339555
3900686652942347
68565872528
93917337297
72557243297
646139198321163
3390506980353964
69620339555
3900686652942347
68565872528
93917337297
72557243297
646139198321163
3390506980353964
69620339555
3900686652942347
68565872528
93917337297
72557243297
646139198321163
3390506980353964
69620339555
3900686652942347
68565872528
93917337297
72557243297
646139198321163
3390506980353964
69620339555
3900686652942347
68565872528
93917337297
72557243297
646139198321163
3390506980353964
69620339555
3900686652942347
68565872528
93917337297
72557243297
