1451004135737464
92976253892
399824193076942
95692908512
95324652838
87091019194
69620339555
68836467490
61243625591
95512043709
927628454003171
68658015698
60556500793
3777516892863227
63874048088
72323264189
64967267224
86228599298
61779663975
60635172753
1451004135737464
92976253892
399824193076942
95692908512
95324652838
87091019194
69620339555
68836467490
61243625591
95512043709
927628454003171
68658015698
60556500793
3777516892863227
63874048088
72323264189
64967267224
86228599298
61779663975
60635172753
1451004135737464
92976253892
399824193076942
95692908512
95324652838
87091019194
69620339555
68836467490
61243625591
95512043709
927628454003171
68658015698
60556500793
3777516892863227
63874048088
72323264189
64967267224
86228599298
61779663975
60635172753
1451004135737464
92976253892
399824193076942
95692908512
95324652838
87091019194
69620339555
68836467490
61243625591
95512043709
927628454003171
68658015698
60556500793
3777516892863227
63874048088
72323264189
64967267224
86228599298
61779663975
60635172753
96064453696
62904791330
61194537016720
63184343900
75888508297
110219888204
63083872425
100717056194
79069959042
62642741528
71552681771
4410868780252199
91964834111
311905798592872
102890795270
59733877003
104064320156
70572181529
108234979114
66880509488
60570814257
60912420338
105083510757
96676599946
2049096881814606
104341238660
3583995724960676
1468570686994448
59438087773
106664978611
101365688525
96676599946
66275931730
59518544608
1613694558027603
72114234428
97496636156
58916308343
91818197229
59578662368
103043630489
4226176473897230
1552165127325422
100578019205
91693266144
102227959055
70009209632
52002916693
3333354604217231
1327825115414720
92482603288
1943548064961789
52460889625
106540016831
97722032973
3153023436339784
97506323621
96331787099
102778216416
99395226171
108585326439
98140656013
95726567382
102485506811
11175797466
3742351662515876
102200053936
1464173481697900
102272068840
72136113247
60594393612
83539589743
68886399378
105659538318
60441859432
61281673693
72876494548
72800982182
110974496329
103379360054
60598755953
57795958979
81499251510
3526851529284792
96404039543040
99007615141
102772131563
2352554394784798
102526566348
61137169858
111319925435
71249298341
104779950071
103777972818
106123007480
3496045850410142
80927392139
3078223238540551
67961122926
109404694481
92775564037
98575151557
92600439145
97084745568
71746706783
62840509755
103521932833
69929954180
93514245377
101913795722
85467779687
63032496786
100053131378
135938309887716
95967667751
70078143850
80956234591
110763691435
72623678476
874800549472408
100362440942
3966683070083548
2669256830357672
95951180895
98052133976
99748645538
663747291262983
474583890673172
59433195097
92185620491
81499251510
99255370873
63396224439
62174300416
70855490635
61030823057
72407851849
65102836837
85868674886
2607670560296731
72407851849
102283438054
96623408031
87603607646
2722035253127662
92699082886
382239111651923
100148102149
99211139613
1987510159818607
96214799697
100653715604
104501626686
83561117790
707741409608956
62844811277
63388638317
61309361551
2919896663476832
320681912048824
52303692598
104378766092
6985606993
101509996572
60348973468
92946381512
108136351975
105544703966
63294238317
101093792334
96409319964
71208986005
58849817988
63116524274
57100494529
3157399413203664
107664240662
61968147677
63679760937
93634107177
98855316689
1305875262216078
67176625233
3192617657965719
61936304470
93184910611
1292638558108000
58528045193
100744000165
101072473518
63641094824
106895651864
78045870619
2669232641548123
61027423129
12001508605
2440532685763479
54711740192
103381129251
54485704533
96135894703
70884155970
267911919575656
108308550464
500996524216510
59813567698
96734339683
78196648086
76939162206
3540080092780472
53975363116
101393060637
101097801682
111591026892
64074960384
93358267074
99133680308
60645644849
101764336208
93356527389
99566486289
487829952534151
95565685418
72064868344
55771512779
103934734215
59797729520
67667194298
78896558452
67828183217
97047580933
59093699042
81530440958
3412472262313320
1151914194774478
57232018765
76919940997
103062203414
84627868058
104021721538
64784003911
676888678503932
83526182855
57772473020
110917279025
59137870431
751722237793965
76338725245
94881570315
61500047997
108240181553
108110125161
104021721538
72104851697
3359701270010868
60477692793
63447037796
3966661544906765
91641462280
104242557319
4446022034004680
65466192084
93452176542
59474694472
3069449456327983
61838683170
57866929550
105292610000
111575573859
931979326654112
57170233836
93452176542
70451827846
3047464628132158
107966400809
1006780307739022
58049970099
110603343994
111503543068
79362691344
59735948116
96910377884
95169779941
71734106364
73506517254
6083434743
2370188153468567
101093792334
75627631521
102416219143
96667019690
70271099229
95052209943
104006642147
95758632100
85608841254
111499881889
69159069137
99412068363
63499934997
88493792987
3416919959935911
70512922460
82989921861
61209490864
76129785410
101438130306
58490473667
67324025385
4476820291323239
109933306623
62035596032
85812184229
66531175538
61161464236
111047084577
100725057526
94259566567
1323463667365246
2123846332983188
99261336073
71112931559
71460219923
3737934025985421
67353678937
58647510787
113948525343495
3416938502699380
53580909014
971586690623448
86015051972
69282453198
75783676849
75783676849
60319015475
104074784788
68347038991
98575151557
105792784221
70741342576
103043630489
2893562185255207
93745175628
1728071959328179
90095889558
96135894703
92218134919
81360091508
77964819926
79608000234
96135894703
1169510038505751
109787925481
99751677855
84702282309
98244236242
92284516763
104863764055
98294300069
51117172537
55204963212
62220193179
2431745614153901
97805236527
131579188617271
98736439469
55465620177
2739595646874152
79777855193
79777855193
64541596212
86101987836
101725944294
79777855193
58543037096
3491699348503087
72782939928
97653947555
100412895703
58748988779
79363356650
99303382967
3504885040686456
106110439870
102200053936
1868788846566411
2700039544380600
99462545170
822062198555230
101649332907
66038502354
61331291861
61204152316
61534483383
63014815870
144776617805723
110812761113
62614805226
2915502893580083
68546099460
67224225343
58324386728
78664513923
830878114649336
58505692759
68402596938
60683147121
1622532949554952
102302327723
101570325750
60276169232
1772061727667278
786848151253037
2519731826595453
98203622115
59356482196
4199739979475773
101831392927
1297016082672108
111430320850
100667027939
51726087727
75783676849
108605171409
68485469657
75611068844
75175498251
61518250055
67013324165
84586446578
95832697415
61172066022
97702946924
111503543068
68378259129
55505069431
95832697415
96135894703
97388084960
101750180291
52184670606
4410868780252199
1609339325135357
93323378279
59747446786
106115387930
109448382586
58049970099
107971498124
94514818766
70271099229
62041167475
874852933181239
70632734590
71660114388
102381504465
98655999301
71293542851
109092722844
104821874632
103578979952
100961886825
10976944629
54321649267
79949733658
89924926756
57867950190
2757192018046141
97680431989
1824789642871608
96135894703
1182729768796779
1684107178021719
109499754112
3192597898601885
3707141735593607
1745662704877928
64314318633
61330727877
103356992276
68806880103
102539718447
98348989284
3029907733231582
100446551817
99183164508
70353398726
88440747015
3628014532562491
60321158079
104748309414
57832233182
85613353459
93080298363
102892567019
102256107314
2809971141529240
66513685907
96512069218
2735193852488855
101826883175
104885668055
92561033669
87897154188
111312126580
87184355956
63794499303
67014738445
104915954712
58911666788
95090139764
60398449985
65587566883310
105380705194
4089828397036583
108272230590
73893339780
79975054281
103379360054
70056080053
96691355916
64141607813
79606542246
1961134737862755
111631608946
77857490104
60118080791
3144214201765604
101825817815
105642700204
2717626100624920
72636265046
105112906537
87155743476
105908518018
58000228578
382230720691709
102028044958
2576887267735071
64410221025
81837963664
3069460368599176
59994869483
60323611026
85169876205
75583194213
96064453696
62904791330
61194537016720
63184343900
75888508297
110219888204
63083872425
100717056194
79069959042
62642741528
71552681771
4410868780252199
91964834111
311905798592872
102890795270
59733877003
104064320156
70572181529
108234979114
66880509488
60570814257
60912420338
105083510757
96676599946
2049096881814606
104341238660
3583995724960676
1468570686994448
59438087773
106664978611
101365688525
96676599946
66275931730
59518544608
1613694558027603
72114234428
97496636156
58916308343
91818197229
59578662368
103043630489
4226176473897230
1552165127325422
100578019205
91693266144
102227959055
70009209632
52002916693
3333354604217231
1327825115414720
92482603288
1943548064961789
52460889625
106540016831
97722032973
3153023436339784
97506323621
96331787099
102778216416
99395226171
108585326439
98140656013
95726567382
102485506811
11175797466
3742351662515876
102200053936
1464173481697900
102272068840
72136113247
60594393612
83539589743
68886399378
105659538318
60441859432
61281673693
72876494548
72800982182
110974496329
103379360054
60598755953
57795958979
81499251510
3526851529284792
96404039543040
99007615141
102772131563
2352554394784798
102526566348
61137169858
111319925435
71249298341
104779950071
103777972818
106123007480
3496045850410142
80927392139
3078223238540551
67961122926
109404694481
92775564037
98575151557
92600439145
97084745568
71746706783
62840509755
103521932833
69929954180
93514245377
101913795722
85467779687
63032496786
100053131378
135938309887716
95967667751
70078143850
80956234591
110763691435
72623678476
874800549472408
100362440942
3966683070083548
2669256830357672
95951180895
98052133976
99748645538
663747291262983
474583890673172
59433195097
92185620491
81499251510
99255370873
63396224439
62174300416
70855490635
61030823057
72407851849
65102836837
85868674886
2607670560296731
72407851849
102283438054
96623408031
87603607646
2722035253127662
92699082886
382239111651923
100148102149
99211139613
1987510159818607
96214799697
100653715604
104501626686
83561117790
707741409608956
62844811277
63388638317
61309361551
2919896663476832
320681912048824
52303692598
104378766092
6985606993
101509996572
60348973468
92946381512
108136351975
105544703966
63294238317
101093792334
96409319964
71208986005
58849817988
63116524274
57100494529
3157399413203664
107664240662
61968147677
63679760937
93634107177
98855316689
1305875262216078
67176625233
3192617657965719
61936304470
93184910611
1292638558108000
58528045193
100744000165
101072473518
63641094824
106895651864
78045870619
2669232641548123
61027423129
12001508605
2440532685763479
54711740192
103381129251
54485704533
96135894703
70884155970
267911919575656
108308550464
500996524216510
59813567698
96734339683
78196648086
76939162206
3540080092780472
53975363116
101393060637
101097801682
111591026892
64074960384
93358267074
99133680308
60645644849
101764336208
93356527389
99566486289
487829952534151
95565685418
72064868344
55771512779
103934734215
59797729520
67667194298
78896558452
67828183217
97047580933
59093699042
81530440958
3412472262313320
1151914194774478
57232018765
76919940997
103062203414
84627868058
104021721538
64784003911
676888678503932
83526182855
57772473020
110917279025
59137870431
751722237793965
76338725245
94881570315
61500047997
108240181553
108110125161
104021721538
72104851697
3359701270010868
60477692793
63447037796
3966661544906765
91641462280
104242557319
4446022034004680
65466192084
93452176542
59474694472
3069449456327983
61838683170
57866929550
105292610000
111575573859
931979326654112
57170233836
93452176542
70451827846
3047464628132158
107966400809
1006780307739022
58049970099
110603343994
111503543068
79362691344
59735948116
96910377884
95169779941
71734106364
73506517254
6083434743
2370188153468567
101093792334
75627631521
102416219143
96667019690
70271099229
95052209943
104006642147
95758632100
85608841254
111499881889
69159069137
99412068363
63499934997
88493792987
3416919959935911
70512922460
82989921861
61209490864
76129785410
101438130306
58490473667
67324025385
4476820291323239
109933306623
62035596032
85812184229
66531175538
61161464236
111047084577
100725057526
94259566567
1323463667365246
2123846332983188
99261336073
71112931559
71460219923
3737934025985421
67353678937
58647510787
113948525343495
3416938502699380
53580909014
971586690623448
86015051972
69282453198
75783676849
75783676849
60319015475
104074784788
68347038991
98575151557
105792784221
70741342576
103043630489
2893562185255207
93745175628
1728071959328179
90095889558
96135894703
92218134919
81360091508
77964819926
79608000234
96135894703
1169510038505751
109787925481
99751677855
84702282309
98244236242
92284516763
104863764055
98294300069
51117172537
55204963212
62220193179
2431745614153901
97805236527
131579188617271
98736439469
55465620177
2739595646874152
79777855193
79777855193
64541596212
86101987836
101725944294
79777855193
58543037096
3491699348503087
72782939928
97653947555
100412895703
58748988779
79363356650
99303382967
3504885040686456
106110439870
102200053936
1868788846566411
2700039544380600
99462545170
822062198555230
101649332907
66038502354
61331291861
61204152316
61534483383
63014815870
144776617805723
110812761113
62614805226
2915502893580083
68546099460
67224225343
58324386728
78664513923
830878114649336
58505692759
68402596938
60683147121
1622532949554952
102302327723
101570325750
60276169232
1772061727667278
786848151253037
2519731826595453
98203622115
59356482196
4199739979475773
101831392927
1297016082672108
111430320850
100667027939
51726087727
75783676849
108605171409
68485469657
75611068844
75175498251
61518250055
67013324165
84586446578
95832697415
61172066022
97702946924
111503543068
68378259129
55505069431
95832697415
96135894703
97388084960
101750180291
52184670606
4410868780252199
1609339325135357
93323378279
59747446786
106115387930
109448382586
58049970099
107971498124
94514818766
70271099229
62041167475
874852933181239
70632734590
71660114388
102381504465
98655999301
71293542851
109092722844
104821874632
103578979952
100961886825
10976944629
54321649267
79949733658
89924926756
57867950190
2757192018046141
97680431989
1824789642871608
96135894703
1182729768796779
1684107178021719
109499754112
3192597898601885
3707141735593607
1745662704877928
64314318633
61330727877
103356992276
68806880103
102539718447
98348989284
3029907733231582
100446551817
99183164508
70353398726
88440747015
3628014532562491
60321158079
104748309414
57832233182
85613353459
93080298363
102892567019
102256107314
2809971141529240
66513685907
96512069218
2735193852488855
101826883175
104885668055
92561033669
87897154188
111312126580
87184355956
63794499303
67014738445
104915954712
58911666788
95090139764
60398449985
65587566883310
105380705194
4089828397036583
108272230590
73893339780
79975054281
103379360054
70056080053
96691355916
64141607813
79606542246
1961134737862755
111631608946
77857490104
60118080791
3144214201765604
101825817815
105642700204
2717626100624920
72636265046
105112906537
87155743476
105908518018
58000228578
382230720691709
102028044958
2576887267735071
64410221025
81837963664
3069460368599176
59994869483
60323611026
85169876205
75583194213
1451004135737464
92976253892
399824193076942
95692908512
95324652838
87091019194
69620339555
68836467490
61243625591
95512043709
927628454003171
68658015698
60556500793
3777516892863227
63874048088
72323264189
64967267224
86228599298
61779663975
60635172753
1895155735473575
100052746910
69209089799
70105613214
63529374785
63529374785
79162463430
66993129930
62534530189
71281100559
93523625365
94691030019
84838391686
60635172753
60635172753
82876372953
88401117946
74498592279
59862270280
66400013796
104869138217
86311763503
104421092127
60943729712
87700706430
72089477642
60635172753
87377403963
72086064806
72598597619
65856781165
67485265473
58522192812
59389928252
71458829459
62869222074
96998760611
68286842610
64527612687
86636232901
95615147250
59069879140
58132611753
99084526402
60774766676
62249405157
63219008244
63016605714
98590818728
93275973868
56357664050
50751958524
94944186831
58867671984
58867671984
93917337297
78295709983
78295709983
58895507304
79593658312
96023725235
95811107411
72318446314
61061778935
80560600967
93369978974
75624307546
75624307546
69962695928
61192413735
55225021665
68565872528
102973716508
100872973842
94616660345
76100736875
51012548618
68643302668
72979304884
55506125822
65158088307
57432209587
102576866434
99501073247
96328766092
94459478719
75329840746
95501173698
24381338671
97474267883
94452414168
62362735288
72060759085
91733282286
56775581755
98154568849
68565872528
23878766181
62741737654
56566011538
96064453696
62904791330
61194537016720
63184343900
75888508297
110219888204
63083872425
100717056194
79069959042
62642741528
71552681771
4410868780252199
91964834111
311905798592872
102890795270
59733877003
104064320156
70572181529
108234979114
66880509488
60570814257
60912420338
105083510757
96676599946
2049096881814606
104341238660
3583995724960676
1468570686994448
59438087773
106664978611
101365688525
96676599946
66275931730
59518544608
1613694558027603
72114234428
97496636156
58916308343
91818197229
59578662368
103043630489
4226176473897230
1552165127325422
100578019205
91693266144
102227959055
70009209632
52002916693
3333354604217231
1327825115414720
92482603288
1943548064961789
52460889625
106540016831
97722032973
3153023436339784
97506323621
96331787099
102778216416
99395226171
108585326439
98140656013
95726567382
102485506811
11175797466
3742351662515876
102200053936
1464173481697900
102272068840
72136113247
60594393612
83539589743
68886399378
105659538318
60441859432
61281673693
72876494548
72800982182
110974496329
103379360054
60598755953
57795958979
81499251510
3526851529284792
96404039543040
99007615141
102772131563
2352554394784798
102526566348
61137169858
111319925435
71249298341
104779950071
103777972818
106123007480
3496045850410142
80927392139
3078223238540551
67961122926
109404694481
92775564037
98575151557
92600439145
97084745568
71746706783
62840509755
103521932833
69929954180
93514245377
101913795722
85467779687
63032496786
100053131378
135938309887716
95967667751
70078143850
80956234591
110763691435
72623678476
874800549472408
100362440942
3966683070083548
2669256830357672
95951180895
98052133976
99748645538
663747291262983
474583890673172
59433195097
92185620491
81499251510
99255370873
63396224439
62174300416
70855490635
61030823057
72407851849
65102836837
85868674886
2607670560296731
72407851849
102283438054
96623408031
87603607646
2722035253127662
92699082886
382239111651923
100148102149
99211139613
1987510159818607
96214799697
100653715604
104501626686
83561117790
707741409608956
62844811277
63388638317
61309361551
2919896663476832
320681912048824
52303692598
104378766092
6985606993
101509996572
60348973468
92946381512
108136351975
105544703966
63294238317
101093792334
96409319964
71208986005
58849817988
63116524274
57100494529
3157399413203664
107664240662
61968147677
63679760937
93634107177
98855316689
1305875262216078
67176625233
3192617657965719
61936304470
93184910611
1292638558108000
58528045193
98014068195
100744000165
101072473518
63641094824
106895651864
78045870619
2669232641548123
61027423129
12001508605
2440532685763479
54711740192
103381129251
54485704533
96135894703
70884155970
267911919575656
108308550464
500996524216510
59813567698
96734339683
78196648086
76939162206
3540080092780472
53975363116
101393060637
101097801682
111591026892
64074960384
93358267074
99133680308
60645644849
101764336208
93356527389
99566486289
487829952534151
95565685418
72064868344
55771512779
103934734215
59797729520
67667194298
78896558452
67828183217
97047580933
59093699042
81530440958
3412472262313320
1151914194774478
57232018765
76919940997
103062203414
84627868058
104021721538
64784003911
676888678503932
83526182855
57772473020
110917279025
59137870431
751722237793965
76338725245
94881570315
61500047997
108240181553
108110125161
104021721538
72104851697
3359701270010868
60477692793
63447037796
3966661544906765
91641462280
104242557319
4446022034004680
65466192084
93452176542
59474694472
3069449456327983
61838683170
57866929550
105292610000
111575573859
931979326654112
923242330598640
57170233836
93452176542
70451827846
3047464628132158
107966400809
1006780307739022
58049970099
110603343994
111503543068
79362691344
59735948116
96910377884
95169779941
71734106364
73506517254
6083434743
2370188153468567
101093792334
75627631521
102416219143
96667019690
70271099229
95052209943
104006642147
95758632100
85608841254
111499881889
69159069137
99412068363
63499934997
88493792987
3416919959935911
70512922460
82989921861
61209490864
76129785410
101438130306
58490473667
67324025385
4476820291323239
109933306623
62035596032
85812184229
66531175538
61161464236
111047084577
100725057526
94259566567
1323463667365246
2123846332983188
99261336073
71112931559
71460219923
3737934025985421
67353678937
58647510787
113948525343495
3416938502699380
53580909014
971586690623448
86015051972
69282453198
75783676849
75783676849
60319015475
104074784788
68347038991
98575151557
105792784221
70741342576
103043630489
2893562185255207
93745175628
1728071959328179
90095889558
96135894703
92218134919
81360091508
77964819926
79608000234
96135894703
1169510038505751
109787925481
99751677855
84702282309
98244236242
92284516763
104863764055
98294300069
51117172537
55204963212
62220193179
2431745614153901
97805236527
131579188617271
98736439469
55465620177
2739595646874152
79777855193
79777855193
64541596212
86101987836
101725944294
79777855193
58543037096
3491699348503087
72782939928
97653947555
100412895703
58748988779
79363356650
99303382967
3504885040686456
106110439870
102200053936
1868788846566411
2700039544380600
99462545170
822062198555230
101649332907
66038502354
61331291861
61204152316
61534483383
63014815870
144776617805723
110812761113
62614805226
2915502893580083
68546099460
67224225343
58324386728
78664513923
830878114649336
58505692759
68402596938
60683147121
1622532949554952
102302327723
101570325750
60276169232
1772061727667278
786848151253037
2519731826595453
98203622115
59356482196
63261883459
4199739979475773
101831392927
1297016082672108
111430320850
100667027939
51726087727
75783676849
108605171409
68485469657
75611068844
75175498251
61518250055
67013324165
84586446578
95832697415
61172066022
97702946924
111503543068
68378259129
55505069431
95832697415
96135894703
97388084960
101750180291
52184670606
4410868780252199
1609339325135357
93323378279
59747446786
106115387930
109448382586
58049970099
107971498124
94514818766
70271099229
62041167475
874852933181239
70632734590
71660114388
102381504465
98655999301
71293542851
109092722844
104821874632
103578979952
100961886825
10976944629
54321649267
79949733658
89924926756
57867950190
2757192018046141
97680431989
1824789642871608
96135894703
1182729768796779
1684107178021719
109499754112
3192597898601885
3707141735593607
1745662704877928
64314318633
61330727877
103356992276
68806880103
102539718447
98348989284
3029907733231582
100446551817
99183164508
70353398726
88440747015
3628014532562491
60321158079
104748309414
57832233182
85613353459
93080298363
102892567019
102256107314
2809971141529240
66513685907
96512069218
2735193852488855
101826883175
104885668055
92561033669
87897154188
111312126580
87184355956
63794499303
67014738445
104915954712
58911666788
95090139764
60398449985
65587566883310
105380705194
4089828397036583
108272230590
73893339780
79975054281
103379360054
70056080053
96691355916
64141607813
79606542246
1961134737862755
111631608946
77857490104
60118080791
3144214201765604
101825817815
105642700204
2717626100624920
72636265046
105112906537
87155743476
105908518018
58000228578
382230720691709
102028044958
2576887267735071
64410221025
81837963664
3069460368599176
59994869483
60323611026
85169876205
75583194213
96064453696
62904791330
61194537016720
63184343900
75888508297
110219888204
63083872425
100717056194
79069959042
62642741528
71552681771
4410868780252199
91964834111
311905798592872
102890795270
59733877003
104064320156
70572181529
108234979114
66880509488
60570814257
60912420338
105083510757
96676599946
2049096881814606
104341238660
3583995724960676
1468570686994448
59438087773
106664978611
101365688525
96676599946
66275931730
59518544608
1613694558027603
72114234428
97496636156
58916308343
91818197229
59578662368
103043630489
4226176473897230
1552165127325422
100578019205
91693266144
102227959055
70009209632
52002916693
3333354604217231
1327825115414720
92482603288
1943548064961789
52460889625
106540016831
97722032973
3153023436339784
97506323621
96331787099
102778216416
99395226171
108585326439
98140656013
95726567382
102485506811
11175797466
3742351662515876
102200053936
1464173481697900
102272068840
72136113247
60594393612
83539589743
68886399378
105659538318
60441859432
61281673693
72876494548
72800982182
110974496329
103379360054
60598755953
57795958979
81499251510
3526851529284792
96404039543040
99007615141
102772131563
2352554394784798
102526566348
61137169858
111319925435
71249298341
104779950071
103777972818
106123007480
3496045850410142
80927392139
3078223238540551
67961122926
109404694481
92775564037
98575151557
92600439145
97084745568
71746706783
62840509755
103521932833
69929954180
93514245377
101913795722
85467779687
63032496786
100053131378
135938309887716
95967667751
70078143850
80956234591
110763691435
72623678476
874800549472408
100362440942
3966683070083548
2669256830357672
95951180895
98052133976
99748645538
663747291262983
474583890673172
59433195097
92185620491
81499251510
99255370873
63396224439
62174300416
70855490635
61030823057
72407851849
65102836837
85868674886
2607670560296731
72407851849
102283438054
96623408031
87603607646
2722035253127662
92699082886
382239111651923
100148102149
99211139613
1987510159818607
96214799697
100653715604
104501626686
83561117790
707741409608956
62844811277
63388638317
61309361551
2919896663476832
320681912048824
52303692598
104378766092
6985606993
101509996572
60348973468
92946381512
108136351975
105544703966
63294238317
101093792334
96409319964
71208986005
58849817988
63116524274
57100494529
3157399413203664
107664240662
61968147677
63679760937
93634107177
98855316689
1305875262216078
67176625233
3192617657965719
61936304470
93184910611
1292638558108000
58528045193
98014068195
100744000165
101072473518
63641094824
106895651864
78045870619
2669232641548123
61027423129
12001508605
2440532685763479
54711740192
103381129251
54485704533
96135894703
70884155970
267911919575656
108308550464
500996524216510
59813567698
96734339683
78196648086
96064453696
62904791330
61194537016720
63184343900
75888508297
110219888204
63083872425
100717056194
79069959042
62642741528
71552681771
4410868780252199
91964834111
311905798592872
102890795270
59733877003
104064320156
70572181529
108234979114
66880509488
60570814257
60912420338
105083510757
96676599946
2049096881814606
104341238660
3583995724960676
1468570686994448
59438087773
106664978611
101365688525
96676599946
66275931730
59518544608
1613694558027603
72114234428
97496636156
58916308343
91818197229
59578662368
103043630489
4226176473897230
1552165127325422
100578019205
91693266144
102227959055
70009209632
52002916693
3333354604217231
1327825115414720
92482603288
1943548064961789
52460889625
106540016831
97722032973
3153023436339784
97506323621
96331787099
102778216416
99395226171
108585326439
98140656013
95726567382
102485506811
11175797466
3742351662515876
102200053936
1464173481697900
102272068840
72136113247
60594393612
83539589743
68886399378
105659538318
60441859432
61281673693
72876494548
72800982182
110974496329
103379360054
60598755953
57795958979
81499251510
3526851529284792
96404039543040
99007615141
102772131563
2352554394784798
102526566348
61137169858
111319925435
71249298341
104779950071
103777972818
106123007480
3496045850410142
80927392139
3078223238540551
67961122926
109404694481
92775564037
98575151557
92600439145
97084745568
71746706783
62840509755
103521932833
69929954180
93514245377
101913795722
85467779687
63032496786
100053131378
135938309887716
95967667751
70078143850
80956234591
110763691435
72623678476
874800549472408
100362440942
3966683070083548
2669256830357672
95951180895
98052133976
99748645538
663747291262983
474583890673172
59433195097
92185620491
81499251510
99255370873
63396224439
62174300416
70855490635
61030823057
72407851849
65102836837
85868674886
2607670560296731
72407851849
102283438054
96623408031
87603607646
2722035253127662
92699082886
382239111651923
100148102149
99211139613
1987510159818607
96214799697
100653715604
104501626686
83561117790
707741409608956
62844811277
63388638317
61309361551
2919896663476832
320681912048824
52303692598
104378766092
6985606993
101509996572
60348973468
92946381512
108136351975
105544703966
63294238317
101093792334
96409319964
71208986005
58849817988
63116524274
57100494529
3157399413203664
107664240662
61968147677
63679760937
93634107177
98855316689
1305875262216078
67176625233
3192617657965719
61936304470
93184910611
1292638558108000
58528045193
98014068195
100744000165
101072473518
63641094824
106895651864
78045870619
2669232641548123
61027423129
12001508605
2440532685763479
54711740192
103381129251
54485704533
96135894703
70884155970
267911919575656
108308550464
500996524216510
59813567698
96734339683
78196648086
76939162206
3540080092780472
53975363116
101393060637
101097801682
111591026892
64074960384
93358267074
99133680308
60645644849
101764336208
93356527389
99566486289
487829952534151
95565685418
72064868344
55771512779
103934734215
59797729520
67667194298
78896558452
67828183217
97047580933
59093699042
81530440958
3412472262313320
1151914194774478
57232018765
76919940997
103062203414
84627868058
104021721538
64784003911
676888678503932
83526182855
57772473020
110917279025
59137870431
751722237793965
76338725245
94881570315
61500047997
108240181553
108110125161
104021721538
72104851697
3359701270010868
60477692793
63447037796
3966661544906765
91641462280
104242557319
4446022034004680
65466192084
93452176542
59474694472
3069449456327983
61838683170
57866929550
105292610000
111575573859
931979326654112
923242330598640
57170233836
93452176542
70451827846
3047464628132158
107966400809
1006780307739022
58049970099
110603343994
111503543068
79362691344
59735948116
96910377884
95169779941
71734106364
73506517254
6083434743
2370188153468567
101093792334
75627631521
102416219143
96667019690
70271099229
95052209943
104006642147
95758632100
85608841254
111499881889
69159069137
99412068363
63499934997
88493792987
3416919959935911
70512922460
82989921861
61209490864
76129785410
101438130306
58490473667
67324025385
4476820291323239
109933306623
62035596032
85812184229
66531175538
61161464236
111047084577
100725057526
94259566567
1323463667365246
2123846332983188
99261336073
71112931559
71460219923
3737934025985421
67353678937
58647510787
113948525343495
3416938502699380
53580909014
971586690623448
86015051972
69282453198
75783676849
75783676849
60319015475
104074784788
68347038991
98575151557
105792784221
70741342576
103043630489
2893562185255207
93745175628
1728071959328179
90095889558
96135894703
92218134919
81360091508
77964819926
79608000234
96135894703
1169510038505751
109787925481
99751677855
84702282309
98244236242
92284516763
104863764055
98294300069
51117172537
55204963212
62220193179
2431745614153901
97805236527
131579188617271
98736439469
55465620177
2739595646874152
79777855193
79777855193
64541596212
86101987836
101725944294
79777855193
58543037096
3491699348503087
72782939928
97653947555
100412895703
58748988779
79363356650
99303382967
3504885040686456
106110439870
102200053936
1868788846566411
2700039544380600
99462545170
822062198555230
101649332907
66038502354
61331291861
61204152316
61534483383
63014815870
144776617805723
110812761113
62614805226
2915502893580083
68546099460
67224225343
58324386728
78664513923
830878114649336
58505692759
68402596938
60683147121
1622532949554952
102302327723
101570325750
60276169232
1772061727667278
786848151253037
2519731826595453
98203622115
59356482196
63261883459
4199739979475773
101831392927
1297016082672108
111430320850
100667027939
51726087727
75783676849
108605171409
68485469657
75611068844
75175498251
61518250055
67013324165
84586446578
95832697415
61172066022
97702946924
111503543068
68378259129
55505069431
95832697415
96135894703
97388084960
101750180291
52184670606
4410868780252199
1609339325135357
93323378279
59747446786
106115387930
109448382586
58049970099
107971498124
94514818766
70271099229
62041167475
874852933181239
70632734590
71660114388
102381504465
98655999301
71293542851
109092722844
104821874632
103578979952
100961886825
10976944629
54321649267
79949733658
89924926756
57867950190
2757192018046141
97680431989
1824789642871608
96135894703
1182729768796779
1684107178021719
109499754112
3192597898601885
3707141735593607
1745662704877928
64314318633
61330727877
103356992276
68806880103
102539718447
98348989284
3029907733231582
100446551817
99183164508
70353398726
88440747015
3628014532562491
60321158079
104748309414
57832233182
85613353459
93080298363
102892567019
102256107314
2809971141529240
66513685907
96512069218
2735193852488855
101826883175
104885668055
92561033669
87897154188
111312126580
87184355956
63794499303
67014738445
104915954712
58911666788
95090139764
60398449985
65587566883310
105380705194
4089828397036583
108272230590
73893339780
79975054281
103379360054
70056080053
96691355916
64141607813
79606542246
1961134737862755
111631608946
77857490104
60118080791
3144214201765604
101825817815
105642700204
2717626100624920
72636265046
105112906537
87155743476
105908518018
58000228578
382230720691709
102028044958
2576887267735071
64410221025
81837963664
3069460368599176
59994869483
60323611026
85169876205
75583194213
96064453696
62904791330
61194537016720
63184343900
75888508297
110219888204
63083872425
100717056194
79069959042
62642741528
71552681771
4410868780252199
91964834111
311905798592872
102890795270
59733877003
104064320156
70572181529
108234979114
66880509488
96064453696
62904791330
61194537016720
63184343900
75888508297
110219888204
63083872425
100717056194
79069959042
62642741528
71552681771
4410868780252199
91964834111
311905798592872
102890795270
59733877003
104064320156
70572181529
108234979114
66880509488
60570814257
60912420338
105083510757
96676599946
2049096881814606
104341238660
3583995724960676
1468570686994448
59438087773
106664978611
101365688525
96676599946
66275931730
59518544608
1613694558027603
72114234428
97496636156
58916308343
91818197229
59578662368
103043630489
4226176473897230
1552165127325422
100578019205
91693266144
102227959055
70009209632
52002916693
3333354604217231
1327825115414720
92482603288
1943548064961789
52460889625
106540016831
97722032973
3153023436339784
97506323621
96331787099
102778216416
99395226171
108585326439
98140656013
95726567382
102485506811
11175797466
3742351662515876
102200053936
1464173481697900
102272068840
72136113247
60594393612
83539589743
68886399378
105659538318
60441859432
61281673693
72876494548
72800982182
110974496329
103379360054
60598755953
57795958979
81499251510
3526851529284792
96404039543040
99007615141
102772131563
2352554394784798
102526566348
61137169858
111319925435
71249298341
104779950071
103777972818
106123007480
3496045850410142
80927392139
3078223238540551
67961122926
109404694481
92775564037
98575151557
92600439145
97084745568
71746706783
62840509755
103521932833
69929954180
93514245377
101913795722
85467779687
63032496786
100053131378
135938309887716
95967667751
70078143850
80956234591
110763691435
72623678476
874800549472408
100362440942
3966683070083548
2669256830357672
95951180895
98052133976
99748645538
663747291262983
474583890673172
59433195097
92185620491
81499251510
99255370873
63396224439
62174300416
70855490635
61030823057
72407851849
65102836837
85868674886
2607670560296731
72407851849
102283438054
96623408031
87603607646
2722035253127662
92699082886
382239111651923
100148102149
99211139613
1987510159818607
96214799697
100653715604
104501626686
83561117790
707741409608956
62844811277
63388638317
61309361551
2919896663476832
320681912048824
52303692598
104378766092
6985606993
101509996572
60348973468
92946381512
108136351975
105544703966
63294238317
101093792334
96409319964
71208986005
58849817988
63116524274
57100494529
3157399413203664
107664240662
61968147677
63679760937
93634107177
98855316689
1305875262216078
67176625233
3192617657965719
61936304470
93184910611
1292638558108000
58528045193
98014068195
100744000165
101072473518
63641094824
106895651864
78045870619
2669232641548123
61027423129
12001508605
2440532685763479
54711740192
103381129251
54485704533
96135894703
70884155970
267911919575656
108308550464
500996524216510
59813567698
96734339683
78196648086
76939162206
3540080092780472
53975363116
101393060637
101097801682
111591026892
64074960384
93358267074
99133680308
60645644849
101764336208
93356527389
99566486289
487829952534151
95565685418
72064868344
55771512779
103934734215
59797729520
67667194298
78896558452
67828183217
97047580933
59093699042
81530440958
3412472262313320
1151914194774478
57232018765
76919940997
103062203414
84627868058
104021721538
64784003911
676888678503932
83526182855
57772473020
110917279025
59137870431
751722237793965
76338725245
94881570315
61500047997
108240181553
108110125161
104021721538
72104851697
3359701270010868
60477692793
63447037796
3966661544906765
91641462280
104242557319
4446022034004680
65466192084
93452176542
59474694472
3069449456327983
61838683170
57866929550
105292610000
111575573859
931979326654112
923242330598640
57170233836
93452176542
70451827846
3047464628132158
107966400809
1006780307739022
58049970099
110603343994
111503543068
79362691344
59735948116
96910377884
95169779941
71734106364
73506517254
6083434743
2370188153468567
101093792334
75627631521
102416219143
96667019690
70271099229
95052209943
104006642147
95758632100
85608841254
111499881889
69159069137
99412068363
63499934997
88493792987
3416919959935911
70512922460
82989921861
61209490864
76129785410
101438130306
58490473667
67324025385
4476820291323239
109933306623
62035596032
85812184229
66531175538
61161464236
111047084577
100725057526
94259566567
1323463667365246
2123846332983188
99261336073
71112931559
71460219923
3737934025985421
67353678937
58647510787
113948525343495
3416938502699380
53580909014
971586690623448
86015051972
69282453198
75783676849
75783676849
60319015475
104074784788
68347038991
98575151557
105792784221
70741342576
103043630489
2893562185255207
93745175628
1728071959328179
90095889558
96135894703
92218134919
81360091508
77964819926
79608000234
96135894703
1169510038505751
109787925481
99751677855
84702282309
98244236242
92284516763
104863764055
98294300069
51117172537
55204963212
62220193179
2431745614153901
97805236527
131579188617271
98736439469
55465620177
2739595646874152
79777855193
79777855193
64541596212
86101987836
101725944294
79777855193
58543037096
3491699348503087
72782939928
97653947555
100412895703
58748988779
79363356650
99303382967
3504885040686456
106110439870
102200053936
1868788846566411
2700039544380600
99462545170
822062198555230
101649332907
66038502354
61331291861
61204152316
61534483383
63014815870
144776617805723
110812761113
62614805226
2915502893580083
68546099460
67224225343
58324386728
78664513923
830878114649336
58505692759
68402596938
60683147121
1622532949554952
102302327723
101570325750
60276169232
1772061727667278
786848151253037
2519731826595453
98203622115
59356482196
63261883459
4199739979475773
101831392927
1297016082672108
111430320850
100667027939
51726087727
75783676849
108605171409
68485469657
75611068844
75175498251
61518250055
67013324165
84586446578
95832697415
61172066022
97702946924
111503543068
68378259129
55505069431
95832697415
96135894703
97388084960
101750180291
52184670606
4410868780252199
1609339325135357
93323378279
59747446786
106115387930
109448382586
58049970099
107971498124
94514818766
70271099229
62041167475
874852933181239
70632734590
71660114388
102381504465
98655999301
71293542851
109092722844
104821874632
103578979952
100961886825
10976944629
54321649267
79949733658
89924926756
57867950190
2757192018046141
97680431989
1824789642871608
96135894703
1182729768796779
1684107178021719
109499754112
3192597898601885
3707141735593607
1745662704877928
64314318633
61330727877
103356992276
68806880103
102539718447
98348989284
3029907733231582
100446551817
99183164508
70353398726
88440747015
3628014532562491
60321158079
104748309414
57832233182
85613353459
93080298363
102892567019
102256107314
2809971141529240
66513685907
96512069218
2735193852488855
101826883175
104885668055
92561033669
87897154188
111312126580
87184355956
63794499303
67014738445
104915954712
58911666788
95090139764
60398449985
65587566883310
105380705194
4089828397036583
108272230590
73893339780
79975054281
103379360054
70056080053
96691355916
64141607813
79606542246
1961134737862755
111631608946
77857490104
60118080791
3144214201765604
101825817815
105642700204
2717626100624920
72636265046
105112906537
87155743476
105908518018
58000228578
382230720691709
102028044958
2576887267735071
64410221025
81837963664
3069460368599176
59994869483
60323611026
85169876205
75583194213
96064453696
62904791330
61194537016720
63184343900
75888508297
110219888204
63083872425
100717056194
79069959042
62642741528
71552681771
4410868780252199
91964834111
311905798592872
102890795270
59733877003
104064320156
70572181529
108234979114
66880509488
60570814257
60912420338
105083510757
96676599946
2049096881814606
104341238660
3583995724960676
1468570686994448
59438087773
106664978611
101365688525
96676599946
66275931730
59518544608
1613694558027603
72114234428
97496636156
58916308343
91818197229
59578662368
103043630489
4226176473897230
1552165127325422
100578019205
91693266144
102227959055
70009209632
52002916693
3333354604217231
1327825115414720
92482603288
1943548064961789
52460889625
106540016831
97722032973
3153023436339784
97506323621
96331787099
102778216416
99395226171
108585326439
98140656013
95726567382
102485506811
11175797466
3742351662515876
102200053936
1464173481697900
102272068840
72136113247
60594393612
83539589743
68886399378
105659538318
60441859432
61281673693
72876494548
72800982182
110974496329
103379360054
60598755953
57795958979
81499251510
3526851529284792
96404039543040
99007615141
102772131563
2352554394784798
102526566348
61137169858
111319925435
71249298341
104779950071
103777972818
106123007480
3496045850410142
80927392139
3078223238540551
67961122926
109404694481
92775564037
98575151557
92600439145
97084745568
71746706783
62840509755
103521932833
69929954180
93514245377
101913795722
85467779687
63032496786
100053131378
135938309887716
95967667751
70078143850
80956234591
110763691435
72623678476
874800549472408
100362440942
3966683070083548
2669256830357672
95951180895
98052133976
99748645538
663747291262983
474583890673172
59433195097
92185620491
81499251510
99255370873
63396224439
62174300416
70855490635
61030823057
72407851849
65102836837
85868674886
2607670560296731
72407851849
102283438054
96623408031
87603607646
2722035253127662
92699082886
382239111651923
100148102149
99211139613
1987510159818607
96214799697
100653715604
104501626686
83561117790
707741409608956
62844811277
63388638317
61309361551
2919896663476832
320681912048824
52303692598
104378766092
6985606993
101509996572
60348973468
92946381512
108136351975
105544703966
63294238317
101093792334
96409319964
71208986005
58849817988
63116524274
57100494529
3157399413203664
107664240662
61968147677
63679760937
93634107177
98855316689
1305875262216078
67176625233
3192617657965719
61936304470
93184910611
1292638558108000
58528045193
98014068195
100744000165
101072473518
63641094824
106895651864
78045870619
2669232641548123
61027423129
12001508605
2440532685763479
54711740192
103381129251
54485704533
96135894703
70884155970
267911919575656
108308550464
500996524216510
59813567698
96734339683
78196648086
76939162206
3540080092780472
53975363116
101393060637
101097801682
111591026892
64074960384
93358267074
99133680308
60645644849
101764336208
93356527389
99566486289
487829952534151
95565685418
72064868344
55771512779
103934734215
59797729520
67667194298
78896558452
67828183217
97047580933
59093699042
81530440958
3412472262313320
1151914194774478
57232018765
76919940997
103062203414
84627868058
104021721538
64784003911
676888678503932
83526182855
57772473020
110917279025
59137870431
751722237793965
76338725245
94881570315
61500047997
108240181553
108110125161
104021721538
72104851697
3359701270010868
60477692793
63447037796
3966661544906765
91641462280
104242557319
4446022034004680
65466192084
93452176542
59474694472
3069449456327983
61838683170
57866929550
105292610000
111575573859
931979326654112
923242330598640
57170233836
93452176542
70451827846
3047464628132158
107966400809
1006780307739022
58049970099
110603343994
111503543068
79362691344
59735948116
96910377884
95169779941
71734106364
73506517254
6083434743
2370188153468567
101093792334
75627631521
102416219143
96667019690
70271099229
95052209943
104006642147
95758632100
85608841254
111499881889
69159069137
99412068363
63499934997
88493792987
3416919959935911
70512922460
82989921861
61209490864
76129785410
101438130306
58490473667
67324025385
4476820291323239
109933306623
62035596032
85812184229
66531175538
61161464236
111047084577
100725057526
94259566567
1323463667365246
2123846332983188
99261336073
71112931559
71460219923
3737934025985421
67353678937
58647510787
113948525343495
3416938502699380
53580909014
971586690623448
86015051972
69282453198
75783676849
75783676849
60319015475
104074784788
68347038991
98575151557
105792784221
70741342576
103043630489
2893562185255207
93745175628
1728071959328179
90095889558
96135894703
92218134919
81360091508
77964819926
79608000234
96135894703
1169510038505751
109787925481
99751677855
84702282309
98244236242
92284516763
104863764055
98294300069
51117172537
55204963212
62220193179
2431745614153901
97805236527
131579188617271
98736439469
55465620177
2739595646874152
79777855193
79777855193
64541596212
86101987836
101725944294
79777855193
58543037096
3491699348503087
72782939928
97653947555
100412895703
58748988779
79363356650
99303382967
3504885040686456
106110439870
102200053936
1868788846566411
2700039544380600
99462545170
822062198555230
101649332907
66038502354
61331291861
61204152316
61534483383
63014815870
144776617805723
110812761113
62614805226
2915502893580083
68546099460
67224225343
58324386728
78664513923
830878114649336
58505692759
68402596938
60683147121
1622532949554952
102302327723
101570325750
60276169232
1772061727667278
786848151253037
2519731826595453
98203622115
59356482196
63261883459
4199739979475773
101831392927
1297016082672108
111430320850
100667027939
51726087727
75783676849
108605171409
68485469657
75611068844
75175498251
61518250055
67013324165
84586446578
95832697415
61172066022
97702946924
111503543068
68378259129
55505069431
95832697415
96135894703
97388084960
101750180291
52184670606
4410868780252199
1609339325135357
93323378279
59747446786
106115387930
109448382586
58049970099
107971498124
94514818766
70271099229
62041167475
874852933181239
70632734590
71660114388
102381504465
98655999301
71293542851
109092722844
104821874632
103578979952
100961886825
10976944629
54321649267
79949733658
89924926756
57867950190
2757192018046141
97680431989
1824789642871608
96135894703
1182729768796779
1684107178021719
109499754112
3192597898601885
3707141735593607
1745662704877928
64314318633
61330727877
103356992276
68806880103
102539718447
98348989284
3029907733231582
100446551817
99183164508
70353398726
88440747015
3628014532562491
60321158079
104748309414
57832233182
85613353459
93080298363
102892567019
102256107314
2809971141529240
66513685907
96512069218
2735193852488855
101826883175
104885668055
92561033669
87897154188
111312126580
87184355956
63794499303
67014738445
104915954712
58911666788
95090139764
60398449985
65587566883310
105380705194
4089828397036583
108272230590
73893339780
79975054281
103379360054
70056080053
96691355916
64141607813
79606542246
1961134737862755
111631608946
77857490104
60118080791
3144214201765604
101825817815
105642700204
2717626100624920
72636265046
105112906537
87155743476
105908518018
58000228578
382230720691709
102028044958
2576887267735071
64410221025
81837963664
3069460368599176
59994869483
60323611026
85169876205
75583194213
96064453696
62904791330
61194537016720
63184343900
75888508297
110219888204
63083872425
100717056194
79069959042
62642741528
71552681771
4410868780252199
91964834111
311905798592872
102890795270
59733877003
104064320156
70572181529
108234979114
66880509488
60570814257
60912420338
105083510757
96676599946
2049096881814606
104341238660
3583995724960676
1468570686994448
59438087773
106664978611
101365688525
96676599946
66275931730
59518544608
1613694558027603
72114234428
97496636156
58916308343
91818197229
96064453696
62904791330
61194537016720
63184343900
75888508297
110219888204
63083872425
100717056194
79069959042
62642741528
71552681771
4410868780252199
91964834111
311905798592872
102890795270
59733877003
104064320156
70572181529
108234979114
66880509488
60570814257
60912420338
105083510757
96676599946
2049096881814606
104341238660
3583995724960676
1468570686994448
59438087773
106664978611
101365688525
96676599946
66275931730
59518544608
1613694558027603
72114234428
97496636156
58916308343
91818197229
59578662368
103043630489
4226176473897230
1552165127325422
100578019205
91693266144
102227959055
70009209632
52002916693
3333354604217231
1327825115414720
92482603288
1943548064961789
52460889625
106540016831
97722032973
3153023436339784
97506323621
96331787099
102778216416
99395226171
108585326439
98140656013
95726567382
102485506811
11175797466
3742351662515876
102200053936
1464173481697900
102272068840
72136113247
60594393612
83539589743
68886399378
105659538318
60441859432
61281673693
72876494548
72800982182
110974496329
103379360054
60598755953
57795958979
81499251510
3526851529284792
96404039543040
99007615141
2352554394784798
102526566348
61137169858
111319925435
71249298341
104779950071
103777972818
106123007480
3496045850410142
80927392139
3078223238540551
67961122926
109404694481
92775564037
98575151557
92600439145
97084745568
71746706783
62840509755
103521932833
69929954180
93514245377
101913795722
85467779687
63032496786
100053131378
135938309887716
95967667751
70078143850
80956234591
110763691435
72623678476
874800549472408
100362440942
3966683070083548
2669256830357672
95951180895
98052133976
